time,open,high,low,close,EMA,Volume,Volume MA,EMA Direction (debug),HTF EMA Value (debug),SCRIPT VERSION: NPtMR 1.0,Order Sent Long,Order Sent Short
1785794760,28934.5,28936.5,28929.25,28929.25,,449,472.45,1,28920.813235748737,2,0,0
1785794820,28929,28942,28928.5,28942,,670,491.15,1,28920.813235748737,2,0,0
1785794880,28942.25,28945.75,28936.25,28941,,699,513,1,28920.813235748737,2,0,0
1785794940,28940.75,28943.25,28939.5,28940.5,,287,504.2,1,28920.813235748737,2,0,0
1785795000,28940.5,28948.5,28939.25,28946.75,,536,503.95,1,28920.813235748737,2,0,0
1785795060,28947,28949.75,28945.75,28949.25,,736,517.9,1,28920.813235748737,2,0,0
1785795120,28948.25,28949.25,28944.5,28947.75,,564,537.75,1,28920.813235748737,2,0,0
1785795180,28947.25,28950.5,28929.5,28932,,1305,590.1,1,28920.813235748737,2,0,0
1785795240,28932.25,28935.25,28923,28928,28923.20882383249,1282,639.7,1,28920.813235748737,2,0,0
1785795300,28928,28947,28928,28943.5,,1248,684.6,1,28923.20882383249,2,0,0
1785795360,28944,28948.25,28942.5,28943.75,,463,704.35,1,28923.20882383249,2,0,0
1785795420,28944.5,28946.75,28940.25,28942.75,,367,716.15,1,28923.20882383249,2,0,0
1785795480,28941.75,28944.25,28940.25,28941.75,,313,725.25,1,28923.20882383249,2,0,0
1785795540,28942.25,28947,28939.5,28944.5,,417,724.9,1,28923.20882383249,2,0,0
1785795600,28944,28946.5,28936.25,28944.25,,558,674.95,1,28923.20882383249,2,0,0
1785795660,28943.5,28945.75,28940.75,28941.25,,236,641.85,1,28923.20882383249,2,0,0
1785795720,28941.25,28944.5,28938.25,28943.25,,201,616.3,1,28923.20882383249,2,0,0
1785795780,28942.75,28947.25,28942.75,28945.75,,209,584.15,1,28923.20882383249,2,0,0
1785795840,28945,28945.75,28942.75,28945,,151,570.1,1,28923.20882383249,2,0,0
1785795900,28945.25,28945.75,28940.75,28943.25,,252,547.15,1,28923.20882383249,2,0,0
1785795960,28942.5,28942.5,28937.25,28940,,319,540.65,1,28923.20882383249,2,0,0
1785796020,28940.75,28946,28939.5,28944.75,,291,521.7,1,28923.20882383249,2,0,0
1785796080,28944,28945.75,28942,28945.25,,131,493.3,1,28923.20882383249,2,0,0
1785796140,28944,28945.75,28942.5,28942.75,28929.72254922166,99,483.9,1,28923.20882383249,2,0,0
1785796200,28942.75,28946,28938.75,28941,,345,474.35,1,28929.72254922166,2,0,0
1785796260,28940.5,28942.75,28938.25,28940.75,,236,449.35,1,28929.72254922166,2,0,0
1785796320,28940.5,28943.5,28936.5,28937.25,,445,443.4,1,28929.72254922166,2,0,0
1785796380,28937,28939.25,28932.25,28938,,558,406.05,1,28929.72254922166,2,0,0
1785796440,28938,28958.5,28937.75,28951.25,,1491,416.5,1,28929.72254922166,2,0,0
1785796500,28950.75,28950.75,28937,28943.25,,1076,407.9,1,28929.72254922166,2,0,0
1785796560,28943.25,28953.5,28943.25,28947.5,,660,417.75,1,28929.72254922166,2,0,0
1785796620,28946,28948.25,28942.5,28946.75,,257,412.25,1,28929.72254922166,2,0,0
1785796680,28946.75,28949.75,28945,28949.75,,253,409.25,1,28929.72254922166,2,0,0
1785796740,28948.75,28956,28948.25,28951.25,,663,421.55,1,28929.72254922166,2,0,0
1785796800,28951.5,28962.25,28951,28961,,1294,458.35,1,28929.72254922166,2,0,0
1785796860,28960.5,28962,28957.75,28960,,508,471.95,1,28929.72254922166,2,0,0
1785796920,28960,28962,28958.75,28960.25,,286,476.2,1,28929.72254922166,2,0,0
1785796980,28959.5,28960.25,28957,28957.25,,371,484.3,1,28929.72254922166,2,0,0
1785797040,28957.25,28959.25,28956,28957.5,28938.981699481108,283,490.9,1,28929.72254922166,2,0,0
1785797100,28956.75,28957.5,28946.25,28950.5,,1001,528.35,1,28938.981699481108,2,0,0
1785797160,28949.75,28952,28946.5,28950,,441,534.45,1,28938.981699481108,2,0,0
1785797220,28949.5,28950.5,28940.5,28947,,867,563.25,1,28938.981699481108,2,0,0
1785797280,28947.75,28953.75,28947,28949,,431,578.25,1,28938.981699481108,2,0,0
1785797340,28948.25,28951.5,28943.25,28946,,399,593.25,1,28938.981699481108,2,0,0
1785797400,28945,28947.25,28942,28943.75,,373,594.65,1,28938.981699481108,2,0,0
1785797460,28943.75,28945.75,28943,28943.25,,240,594.85,1,28938.981699481108,2,0,0
1785797520,28944,28948,28943.75,28946.25,,277,586.45,1,28938.981699481108,2,0,0
1785797580,28945.25,28951.25,28945.25,28945.75,,390,578.05,1,28938.981699481108,2,0,0
1785797640,28945.5,28952.5,28942,28951.75,,534,530.2,1,28938.981699481108,2,0,0
1785797700,28952,28952.5,28948.25,28949.75,,284,490.6,1,28938.981699481108,2,0,0
1785797760,28949.75,28951.25,28946.75,28946.75,,202,467.7,1,28938.981699481108,2,0,0
1785797820,28946.5,28948.25,28946.25,28947.75,,141,461.9,1,28938.981699481108,2,0,0
1785797880,28947,28948,28944.5,28946,,169,457.7,1,28938.981699481108,2,0,0
1785797940,28946,28948.75,28944.5,28945.75,28941.23779965407,200,434.55,1,28938.981699481108,2,0,0
1785798000,28945.25,28946.25,28940,28943,,663,403,1,28941.23779965407,2,0,0
1785798060,28943.75,28947,28936,28938,,693,412.25,-1,28941.23779965407,2,0,0
1785798120,28938,28948,28935.75,28946.5,,610,428.45,1,28941.23779965407,2,0,0
1785798180,28945,28948.25,28944,28947.75,,185,419.15,1,28941.23779965407,2,0,0
1785798240,28947,28948,28939.5,28940,,455,427.75,-1,28941.23779965407,2,0,0
1785798300,28940,28943.5,28937,28940,,444,399.9,-1,28941.23779965407,2,0,0
1785798360,28940.75,28941.25,28929.5,28931.75,,1241,439.9,-1,28941.23779965407,2,0,0
1785798420,28931.5,28936.25,28930.5,28932.75,,596,426.35,-1,28941.23779965407,2,0,0
1785798480,28933,28935.5,28930.75,28934.5,,449,427.25,-1,28941.23779965407,2,0,0
1785798540,28934.75,28937.75,28933.5,28937.75,,529,433.75,-1,28941.23779965407,2,0,0
1785798600,28938,28940.75,28936,28939.5,,450,437.6,-1,28941.23779965407,2,0,0
1785798660,28940,28941.75,28938.5,28940.25,,332,442.2,-1,28941.23779965407,2,0,0
1785798720,28940.5,28940.75,28934.25,28936.5,,476,452.15,-1,28941.23779965407,2,0,0
1785798780,28936.5,28937.75,28934.5,28935.75,,269,446.1,-1,28941.23779965407,2,0,0
1785798840,28936,28940.25,28934.25,28938.25,28940.24186643605,359,437.35,-1,28941.23779965407,2,0,0
1785798900,28937.5,28948.25,28936.5,28943.75,,754,460.85,1,28940.24186643605,2,0,0
1785798960,28943.25,28949.75,28940.75,28946.5,,827,492.1,1,28940.24186643605,2,0,0
1785799020,28946.5,28948.5,28945.25,28948,,340,502.05,1,28940.24186643605,2,0,0
1785799080,28948,28949.25,28944.25,28948,,332,510.2,1,28940.24186643605,2,0,0
1785799140,28948,28957,28947,28951.25,,1107,555.55,1,28940.24186643605,2,0,0
1785799200,28951,28955,28951,28955,,367,540.75,1,28940.24186643605,2,0,0
1785799260,28954,28958.25,28949.75,28955,,712,541.7,1,28940.24186643605,2,0,0
1785799320,28954,28957.75,28953,28955.25,,257,524.05,1,28940.24186643605,2,0,0
1785799380,28954.5,28955.25,28947.5,28951.75,,728,551.2,1,28940.24186643605,2,0,0
1785799440,28951.75,28952.5,28947,28947,,364,546.65,1,28940.24186643605,2,0,0
1785799500,28947.5,28950,28947,28948.75,,182,533.55,1,28940.24186643605,2,0,0
1785799560,28948.25,28949.25,28941.25,28945.5,,877,515.35,1,28940.24186643605,2,0,0
1785799620,28945.5,28952,28945,28950,,410,506.05,1,28940.24186643605,2,0,0
1785799680,28949.75,28950,28945.5,28946.75,,314,499.3,1,28940.24186643605,2,0,0
1785799740,28946.75,28949.5,28945.5,28948.75,28943.077910957367,254,485.55,1,28940.24186643605,2,0,0
1785799800,28948,28950,28943.25,28943.75,,366,481.35,1,28943.077910957367,2,0,0
1785799860,28943.75,28947.25,28940.25,28947,,473,488.4,1,28943.077910957367,2,0,0
1785799920,28947.25,28955.75,28945.5,28954,,558,492.5,1,28943.077910957367,2,0,0
1785799980,28953.5,28955,28950.25,28951.75,,423,500.2,1,28943.077910957367,2,0,0
1785800040,28952.25,28960,28952.25,28956.25,,678,516.15,1,28943.077910957367,2,0,0
1785800100,28956.25,28957,28952.25,28953,,308,493.85,1,28943.077910957367,2,0,0
1785800160,28953,28957,28952,28955.25,,224,463.7,1,28943.077910957367,2,0,0
1785800220,28955,28956.25,28951.25,28952.25,,211,457.25,1,28943.077910957367,2,0,0
1785800280,28951.5,28951.75,28933.25,28936.5,,1463,513.8,-1,28943.077910957367,2,0,0
1785800340,28935.5,28939.25,28932,28937.5,,913,504.1,-1,28943.077910957367,2,0,0
1785800400,28938,28939.5,28936,28939,,316,501.55,-1,28943.077910957367,2,0,0
1785800460,28939.5,28946,28938.75,28943.5,,650,498.45,1,28943.077910957367,2,0,0
1785800520,28943.5,28946.75,28941,28942,,304,500.8,-1,28943.077910957367,2,0,0
1785800580,28942,28946,28941.75,28943.5,,178,473.3,1,28943.077910957367,2,0,0
1785800640,28944.25,28945.75,28938.75,28940.5,28942.218607304912,350,472.6,-1,28943.077910957367,2,0,0
1785800700,28940.5,28959.5,28939.5,28955.5,,1649,545.95,1,28942.218607304912,2,0,0
1785800760,28955,28957,28950,28955.75,,552,529.7,1,28942.218607304912,2,0,0
1785800820,28956.5,28964.75,28956.5,28959,,1457,582.05,1,28942.218607304912,2,0,0
1785800880,28959.25,28960.75,28953.25,28956,,578,595.25,1,28942.218607304912,2,0,0
1785800940,28955.5,28957.25,28952.75,28956.5,,313,598.2,1,28942.218607304912,2,0,0
1785801000,28955.75,28964,28954.5,28958,,633,611.55,1,28942.218607304912,2,0,0
1785801060,28957.75,28960.75,28950.25,28953.25,,672,621.5,1,28942.218607304912,2,0,0
1785801120,28953.75,28958.25,28952,28953,,310,609.1,1,28942.218607304912,2,0,0
1785801180,28954,28957,28948,28952,,650,620.45,1,28942.218607304912,2,0,0
1785801240,28953.25,28956.25,28950,28953,,281,600.6,1,28942.218607304912,2,0,0
1785801300,28952.5,28953.75,28948.5,28951.75,,217,596.05,1,28942.218607304912,2,0,0
1785801360,28952,28961.5,28951.5,28958.75,,571,613.4,1,28942.218607304912,2,0,0
1785801420,28958.75,28961.5,28956,28958,,385,622.1,1,28942.218607304912,2,0,0
1785801480,28958,28963,28957,28962.75,,369,567.4,1,28942.218607304912,2,0,0
1785801540,28962,28972.25,28958.75,28971.5,28951.979071536607,1496,596.55,1,28942.218607304912,2,0,0
1785801600,28971.25,28972,28940.25,28950.75,,3772,769.35,-1,28951.979071536607,2,0,0
1785801660,28951.5,28970.25,28948.5,28964,,1804,827.05,1,28951.979071536607,2,0,0
1785801720,28964.5,28970,28959.75,28964.75,,1147,869.2,1,28951.979071536607,2,0,0
1785801780,28964.5,28971,28960.5,28970.75,,1066,913.6,1,28951.979071536607,2,0,0
1785801840,28970.5,28979,28965.5,28966.75,,2171,1004.65,1,28951.979071536607,2,0,0
1785801900,28966.5,28974,28961.75,28967,,1270,985.7,1,28951.979071536607,2,0,0
1785801960,28967.5,28969.25,28957.5,28959.5,,1269,1021.55,1,28951.979071536607,2,0,0
1785802020,28959,28965.5,28947.25,28963,,1873,1042.35,1,28951.979071536607,2,0,0
1785802080,28963.5,28967.5,28958.25,28958.75,,708,1048.85,1,28951.979071536607,2,0,0
1785802140,28959,28973,28955.5,28961.25,,984,1082.4,1,28951.979071536607,2,0,0
1785802200,28963.25,28963.25,28950.25,28953,,997,1100.6,1,28951.979071536607,2,0,0
1785802260,28953.5,28954.5,28940.5,28947.5,,1310,1132.5,-1,28951.979071536607,2,0,0
1785802320,28948,28950,28925.75,28931.75,,2619,1247.95,-1,28951.979071536607,2,0,0
1785802380,28931.75,28935.5,28928,28930,,889,1259.9,-1,28951.979071536607,2,0,0
1785802440,28930.25,28937.75,28928.25,28931.5,28945.152714357737,1146,1303.15,-1,28951.979071536607,2,0,0
1785802500,28931.25,28933.5,28909.75,28913.5,,3147,1449.65,-1,28945.152714357737,2,0,0
1785802560,28914,28919,28907.5,28911.5,,1638,1503,-1,28945.152714357737,2,0,0
1785802620,28912,28920.5,28908.5,28914.25,,1479,1557.7,-1,28945.152714357737,2,0,0
1785802680,28913.75,28917.25,28902.5,28910.5,,2012,1639.85,-1,28945.152714357737,2,0,0
1785802740,28909.5,28919.5,28907.5,28912.75,,859,1608,-1,28945.152714357737,2,0,0
1785802800,28913.25,28924.75,28909,28923.75,,1116,1475.2,-1,28945.152714357737,2,0,0
1785802860,28924.25,28927,28918.25,28918.5,,1224,1446.2,-1,28945.152714357737,2,0,0
1785802920,28918,28919,28909.75,28911.75,,1017,1439.7,-1,28945.152714357737,2,0,0
1785802980,28912.5,28913.5,28900,28904.25,,1840,1478.4,-1,28945.152714357737,2,0,0
1785803040,28905.25,28919.25,28903.75,28913.5,,1198,1429.75,-1,28945.152714357737,2,0,0
1785803100,28913.75,28923.75,28907.25,28921.75,,1099,1421.2,-1,28945.152714357737,2,0,0
1785803160,28921.25,28922.75,28916,28921.25,,701,1392.8,-1,28945.152714357737,2,0,0
1785803220,28920,28920,28903.25,28904.75,,1081,1353.2,-1,28945.152714357737,2,0,0
1785803280,28906,28913.25,28903.75,28905.75,,830,1359.3,-1,28945.152714357737,2,0,0
1785803340,28907,28910.5,28903,28906.25,28932.185142905157,531,1336.65,-1,28945.152714357737,2,0,0
1785803400,28905.5,28906.75,28891.75,28897,,2117,1392.65,-1,28932.185142905157,2,0,0
1785803460,28897.5,28899.5,28890,28892.25,,1278,1391.05,-1,28932.185142905157,2,0,0
1785803520,28892.75,28895.75,28888.5,28891.75,,910,1305.6,-1,28932.185142905157,2,0,0
1785803580,28892.5,28904.5,28890.25,28897.5,,1231,1322.7,-1,28932.185142905157,2,0,0
1785803640,28897.5,28898.5,28881.5,28884,,1526,1341.7,-1,28932.185142905157,2,0,0
1785803700,28883.75,28883.75,28872.75,28872.75,,1873,1278,-1,28932.185142905157,2,0,0
1785803760,28873.5,28887.75,28873.25,28880,,1437,1267.95,-1,28932.185142905157,2,0,0
1785803820,28878.75,28885,28875.75,28877,,907,1239.35,-1,28932.185142905157,2,0,0
1785803880,28877.25,28885.75,28871.75,28885.25,,1320,1204.75,-1,28932.185142905157,2,0,0
1785803940,28884.5,28893,28877,28882.25,,1359,1229.75,-1,28932.185142905157,2,0,0
1785804000,28882.75,28888.5,28872.5,28875.75,,1199,1233.9,-1,28932.185142905157,2,0,0
1785804060,28876.5,28881.25,28870,28872.25,,1266,1236,-1,28932.185142905157,2,0,0
1785804120,28872,28879.5,28864,28869.75,,1970,1283.65,-1,28932.185142905157,2,0,0
1785804180,28869.5,28896.25,28869.25,28893.25,,1840,1283.65,-1,28932.185142905157,2,0,0
1785804240,28893,28896.25,28887,28892,28918.790095270106,1269,1287.2,-1,28932.185142905157,2,0,0
1785804300,28891.75,28896.25,28872.75,28879.75,,2176,1341.05,-1,28918.790095270106,2,0,0
1785804360,28879.75,28880.75,28870.5,28877.25,,1042,1358.1,-1,28918.790095270106,2,0,0
1785804420,28879,28882.75,28872.5,28878.5,,571,1332.6,-1,28918.790095270106,2,0,0
1785804480,28878.25,28900,28876,28896.75,,1604,1371.3,-1,28918.790095270106,2,0,0
1785804540,28896.75,28898.75,28889.75,28891.75,,929,1391.2,-1,28918.790095270106,2,0,0
1785804600,28891.5,28898,28882.5,28886.25,,1176,1344.15,-1,28918.790095270106,2,0,0
1785804660,28887.25,28901.25,28885.25,28900.25,,950,1327.75,-1,28918.790095270106,2,0,0
1785804720,28900,28904,28897.5,28899.25,,1020,1333.25,-1,28918.790095270106,2,0,0
1785804780,28898,28909,28896.25,28907.25,,986,1321,-1,28918.790095270106,2,0,0
1785804840,28906,28908,28891.75,28894.75,,1470,1318.2,-1,28918.790095270106,2,0,0
1785804900,28894.5,28898.25,28875,28878.5,,1932,1321.15,-1,28918.790095270106,2,0,0
1785804960,28879,28893.25,28870,28880,,1814,1340,-1,28918.790095270106,2,0,0
1785805020,28879.5,28884.75,28874.5,28880,,796,1334.45,-1,28918.790095270106,2,0,0
1785805080,28880.25,28881.25,28868.5,28873.5,,1175,1327.2,-1,28918.790095270106,2,0,0
1785805140,28874.25,28880,28870,28877.25,28904.94339684674,995,1309,-1,28918.790095270106,2,0,0
1785805200,28876.75,28876.75,28852.75,28855.75,,3200,1409.05,-1,28904.94339684674,2,0,0
1785805260,28856.25,28867.5,28852.5,28866.25,,1461,1418.8,-1,28904.94339684674,2,0,0
1785805320,28866,28875,28853,28855.25,,2097,1425.15,-1,28904.94339684674,2,0,1
1785805380,28856.25,28857.75,28834,28839.25,,3296,1497.95,-1,28904.94339684674,2,0,0
1785805440,28839.25,28851.5,28831.5,28849.25,,2271,1548.05,-1,28904.94339684674,2,0,0
1785805500,28848.25,28863,28847.5,28858.5,,1649,1521.7,-1,28904.94339684674,2,0,0
1785805560,28859,28862.75,28837.75,28842.5,,1402,1539.7,-1,28904.94339684674,2,0,0
1785805620,28843,28860.25,28842.75,28854.5,,1078,1565.05,-1,28904.94339684674,2,0,0
1785805680,28853.75,28861.5,28850.5,28857,,760,1522.85,-1,28904.94339684674,2,0,0
1785805740,28857,28859.5,28845,28855.5,,1318,1542.3,-1,28904.94339684674,2,0,0
1785805800,28856,28867.5,28851,28865.75,,1354,1551.2,-1,28904.94339684674,2,0,0
1785805860,28866,28866,28858.75,28862.5,,686,1538,-1,28904.94339684674,2,0,0
1785805920,28862.5,28866.5,28859,28863.5,,638,1518.9,-1,28904.94339684674,2,0,0
1785805980,28863.25,28871.75,28856.75,28861.75,,1055,1522.35,-1,28904.94339684674,2,0,0
1785806040,28863,28868.5,28857.5,28860,28889.962264564492,723,1485,-1,28904.94339684674,2,0,0
1785806100,28859.25,28878.5,28859.25,28871.25,,1267,1451.75,-1,28889.962264564492,2,0,0
1785806160,28872,28872.25,28852,28853,,1537,1437.9,-1,28889.962264564492,2,0,0
1785806220,28853,28860,28851.25,28857.25,,694,1432.8,-1,28889.962264564492,2,0,0
1785806280,28858,28869.25,28855.25,28867,,716,1409.85,-1,28889.962264564492,2,0,0
1785806340,28867,28880,28861.5,28875.75,,1159,1418.05,-1,28889.962264564492,2,0,0
1785806400,28875.75,28890.5,28874.25,28888.25,,1613,1338.7,-1,28889.962264564492,2,0,0
1785806460,28888,28892,28880.25,28888.5,,1096,1320.45,-1,28889.962264564492,2,0,0
1785806520,28888.5,28893.75,28887.25,28892.5,,936,1262.4,1,28889.962264564492,2,0,0
1785806580,28892.5,28893.75,28881.75,28887,,1018,1148.5,-1,28889.962264564492,2,0,0
1785806640,28887,28888.75,28879.75,28884.5,,713,1070.6,-1,28889.962264564492,2,0,0
1785806700,28883.75,28887.75,28877.25,28879.75,,995,1037.9,-1,28889.962264564492,2,0,0
1785806760,28879.5,28883.75,28872.25,28883.5,,1115,1023.55,-1,28889.962264564492,2,0,0
1785806820,28883,28895.25,28878,28893.75,,1143,1026.8,1,28889.962264564492,2,0,0
1785806880,28893.5,28900,28888.5,28899.75,,1077,1042.65,1,28889.962264564492,2,0,0
1785806940,28899.25,28902.5,28894.25,28902,28893.974843042994,1376,1045.55,1,28889.962264564492,2,0,0
1785807000,28902.75,28922.5,28899,28917.25,,2706,1113.15,1,28893.974843042994,2,0,0
1785807060,28916.5,28923.5,28911.25,28912.5,,1640,1160.85,1,28893.974843042994,2,0,0
1785807120,28912.25,28920,28911,28913.75,,757,1166.8,1,28893.974843042994,2,0,0
1785807180,28914,28919.25,28906.75,28907,,815,1154.8,1,28893.974843042994,2,0,0
1785807240,28907,28925,28906.75,28923.5,,1256,1181.45,1,28893.974843042994,2,0,0
1785807300,28923.5,28933.25,28922.75,28927.5,,1778,1207,1,28893.974843042994,2,0,0
1785807360,28927.5,28930.75,28918,28919.5,,1562,1208.25,1,28893.974843042994,2,0,0
1785807420,28919.75,28925.5,28911.25,28914,,1473,1247.2,1,28893.974843042994,2,0,0
1785807480,28913.25,28920.25,28910,28914.5,,824,1252.6,1,28893.974843042994,2,0,0
1785807540,28914,28917.5,28904.25,28906.5,,1039,1246.6,1,28893.974843042994,2,0,0
1785807600,28906.5,28919.25,28905.5,28916,,930,1212.45,1,28893.974843042994,2,0,0
1785807660,28916.25,28935,28915.5,28931.25,,1906,1252.95,1,28893.974843042994,2,0,0
1785807720,28932,28935.75,28928,28930.25,,933,1252.8,1,28893.974843042994,2,0,0
1785807780,28930,28933.75,28929,28932,,522,1228,1,28893.974843042994,2,0,0
1785807840,28932,28943.75,28930.5,28942.5,28910.149895361996,1135,1249.1,1,28893.974843042994,2,0,0
1785807900,28942.25,28958,28941.5,28951.75,,2296,1314.15,1,28910.149895361996,2,0,0
1785807960,28951.5,28960.25,28950.75,28954.5,,1293,1323.05,1,28910.149895361996,2,0,0
1785808020,28955,28963,28952.75,28961.75,,933,1312.55,1,28910.149895361996,2,0,0
1785808080,28961.25,28965,28957.25,28963,,928,1305.1,1,28910.149895361996,2,0,0
1785808140,28963.75,28971,28961.25,28965,,1180,1295.3,1,28910.149895361996,2,0,0
1785808200,28964.75,28973.5,28964.75,28968.75,,999,1209.95,1,28910.149895361996,2,0,0
1785808260,28968.5,29011.75,28966.25,29010,,4459,1350.9,1,28910.149895361996,2,0,0
1785808320,29009.5,29014.75,29005.75,29011.75,,2147,1420.4,1,28910.149895361996,2,0,0
1785808380,29012.25,29038,29009,29029.5,,3547,1557,1,28910.149895361996,2,0,0
1785808440,29029,29049.25,29028,29038.5,,2239,1606.15,1,28910.149895361996,2,0,0
1785808500,29038.5,29041.25,29034.5,29036,,1380,1586.25,1,28910.149895361996,2,0,0
1785808560,29036,29041.75,29027.5,29027.75,,1617,1589,1,28910.149895361996,2,0,0
1785808620,29027.5,29038,29025.25,29035,,1309,1580.8,1,28910.149895361996,2,0,0
1785808680,29034.75,29041.5,29029.5,29040.75,,1140,1596.6,1,28910.149895361996,2,0,0
1785808740,29040.5,29044.75,29035.5,29041,28953.766596907997,1162,1602.75,1,28910.149895361996,2,0,0
1785808800,29041.25,29044.75,29031.5,29033.5,,1260,1619.25,1,28953.766596907997,2,0,0
1785808860,29033.5,29045,29032.5,29044,,961,1572,1,28953.766596907997,2,0,0
1785808920,29044.5,29044.5,29022,29023.75,,1808,1615.75,1,28953.766596907997,2,0,0
1785808980,29024.5,29027.75,29016,29019,,1553,1667.3,1,28953.766596907997,2,0,0
1785809040,29018.5,29025.5,29011.75,29012.5,,1476,1684.35,1,28953.766596907997,2,0,0
1785809100,29012.5,29014.75,28994.5,28995.25,,2358,1687.45,1,28953.766596907997,2,0,0
1785809160,28995.75,28998.5,28980.75,28997.5,,3110,1778.3,1,28953.766596907997,2,0,0
1785809220,28998,29004.5,28989,28994.5,,1365,1799.9,1,28953.766596907997,2,0,0
1785809280,28994.5,29004.75,28993.5,28997.5,,835,1795.25,1,28953.766596907997,2,0,0
1785809340,28997.5,29001,28992.5,28999.5,,603,1766.4,1,28953.766596907997,2,0,0
1785809400,29000,29000,28967.5,28976,,3036,1868.25,1,28953.766596907997,2,0,0
1785809460,28976,28986.25,28971.5,28980,,1547,1722.65,1,28953.766596907997,2,0,0
1785809520,28979,28990,28974.25,28990,,1045,1667.55,1,28953.766596907997,2,0,0
1785809580,28989.25,28991.25,28981,28981,,1036,1542,1,28953.766596907997,2,0,0
1785809640,28981,28985.75,28969,28971,28959.511064605333,1086,1484.35,1,28953.766596907997,2,0,0
1785809700,28970.25,28974.75,28965.75,28968.5,,1676,1499.15,1,28959.511064605333,2,0,0
1785809760,28967.5,28969.75,28961.5,28964.5,,1331,1484.85,1,28959.511064605333,2,0,0
1785809820,28964.25,28967.25,28958.5,28965.75,,1289,1483.85,1,28959.511064605333,2,0,0
1785809880,28965.5,28977,28962,28976.25,,1443,1499,1,28959.511064605333,2,0,0
1785809940,28975.5,28976.25,28964.25,28970.75,,892,1485.5,1,28959.511064605333,2,0,0
1785810000,28970.5,28978,28956.5,28956.75,,1461,1495.55,-1,28959.511064605333,2,0,0
1785810060,28957.25,28964.5,28942.75,28947.25,,2552,1575.1,-1,28959.511064605333,2,0,0
1785810120,28947.5,28960.25,28943.5,28959.25,,1378,1553.6,-1,28959.511064605333,2,0,0
1785810180,28959,28963.75,28952.75,28959.75,,747,1513.3,1,28959.511064605333,2,0,0
1785810240,28959.75,28968,28956.75,28964.5,,882,1483.6,1,28959.511064605333,2,0,0
1785810300,28963.5,28968,28951.5,28967,,1209,1426.15,1,28959.511064605333,2,0,0
1785810360,28967.25,28969.75,28959.5,28969,,906,1315.95,1,28959.511064605333,2,0,0
1785810420,28968.75,28968.75,28952,28955.25,,915,1293.45,-1,28959.511064605333,2,0,0
1785810480,28955,28962.25,28951,28961.25,,554,1279.4,1,28959.511064605333,2,0,0
1785810540,28961.75,28961.75,28947.5,28949.25,28956.090709736887,888,1293.65,-1,28959.511064605333,2,0,0
1785810600,28948.75,28972.5,28948,28972,,1548,1219.25,1,28956.090709736887,2,0,0
1785810660,28972.5,28977.25,28963.5,28973,,1505,1217.15,1,28956.090709736887,2,0,0
1785810720,28973.5,28974.75,28967.5,28972.75,,590,1194.4,1,28956.090709736887,2,0,0
1785810780,28972,28982,28969.75,28978.75,,1444,1214.8,1,28956.090709736887,2,0,0
1785810840,28978.75,28980.5,28969.25,28974.25,,726,1196.8,1,28956.090709736887,2,0,0
1785810900,28974,28983.5,28972.25,28973.5,,1006,1163.3,1,28956.090709736887,2,0,0
1785810960,28973.5,28980.25,28968.75,28971,,751,1134.3,1,28956.090709736887,2,0,0
1785811020,28970.75,28985.25,28966.75,28983,,1122,1125.95,1,28956.090709736887,2,0,0
1785811080,28983,28994.25,28981.25,28991.25,,2165,1162.05,1,28956.090709736887,2,0,0
1785811140,28991,28992.5,28978.75,28984.75,,923,1163.6,1,28956.090709736887,2,0,0
1785811200,28984.75,28993,28973.75,28991.75,,954,1138.25,1,28956.090709736887,2,0,0
1785811260,28991.5,28993.75,28984,28985.75,,892,1055.25,1,28956.090709736887,2,0,0
1785811320,28985.75,28987.75,28977,28981.75,,891,1030.9,1,28956.090709736887,2,0,0
1785811380,28983,28986,28976,28982,,455,1016.3,1,28956.090709736887,2,0,0
1785811440,28982.25,28989.5,28978.5,28985.5,28965.893806491258,469,995.65,1,28956.090709736887,2,0,0
1785811500,28987,28987.5,28976.5,28981.25,,594,964.9,1,28965.893806491258,2,0,0
1785811560,28981.25,28982.5,28965.25,28971,,1393,989.25,1,28965.893806491258,2,0,0
1785811620,28970.75,28971.5,28963.5,28967.25,,718,979.4,1,28965.893806491258,2,0,0
1785811680,28967.25,28972.5,28958.5,28971.5,,1092,1006.3,1,28965.893806491258,2,0,0
1785811740,28971.25,28979,28970.5,28971,,907,1007.25,1,28965.893806491258,2,0,0
1785811800,28970.5,28977.5,28964.75,28976.5,,620,960.85,1,28965.893806491258,2,0,0
1785811860,28976.5,28990.75,28976.5,28988.75,,1162,943.7,1,28965.893806491258,2,0,0
1785811920,28990,28992.25,28980.5,28984.75,,916,960,1,28965.893806491258,2,0,0
1785811980,28984,28988,28980.75,28984.5,,500,912.8,1,28965.893806491258,2,0,0
1785812040,28984.25,28987.5,28980.75,28987.25,,405,896.75,1,28965.893806491258,2,0,0
1785812100,28987.25,28988.25,28981.5,28982,,459,869.4,1,28965.893806491258,2,0,0
1785812160,28982,28986,28977.25,28983,,398,851.75,1,28965.893806491258,2,0,0
1785812220,28983.5,28986.5,28978.75,28984.75,,401,815.7,1,28965.893806491258,2,0,0
1785812280,28983.75,28984.75,28973.5,28976,,561,735.5,1,28965.893806491258,2,0,0
1785812340,28976.25,28977.25,28970,28972.75,28968.179204327505,713,725,1,28965.893806491258,2,0,0
1785812400,28972.5,28988.25,28969.5,28984,,1041,729.35,1,28968.179204327505,2,0,0
1785812460,28984.25,28986.5,28975,28985.5,,721,720.8,1,28968.179204327505,2,0,0
1785812520,28985.5,28993,28981.5,28987.75,,832,717.85,1,28968.179204327505,2,0,0
1785812580,28987.5,28990,28979.25,28982,,498,720,1,28968.179204327505,2,0,0
1785812640,28981.5,28982,28963.75,28968,,1135,753.3,-1,28968.179204327505,2,0,0
1785812700,28968,28971.5,28956.5,28967,,1160,781.6,-1,28968.179204327505,2,0,0
1785812760,28967.25,28970,28958.25,28959.5,,624,743.15,-1,28968.179204327505,2,0,0
1785812820,28959.75,28971.75,28957.75,28970,,700,742.25,1,28968.179204327505,2,0,0
1785812880,28970,28970,28951.5,28952,,1014,738.35,-1,28968.179204327505,2,0,0
1785812940,28952,28960.25,28949,28958.25,,846,735.3,-1,28968.179204327505,2,0,0
1785813000,28958.75,28960.25,28950.5,28954.75,,554,732,-1,28968.179204327505,2,0,0
1785813060,28954.75,28959.75,28936,28936.25,,1568,752.3,-1,28968.179204327505,2,0,0
1785813120,28936.75,28939.25,28933.5,28938.5,,1249,768.95,-1,28968.179204327505,2,0,0
1785813180,28938.75,28940,28932,28938.75,,748,781.35,-1,28968.179204327505,2,0,0
1785813240,28938.75,28946.5,28937,28942.5,28959.61946955167,886,805.4,-1,28968.179204327505,2,0,0
1785813300,28943,28948,28935,28947.25,,796,822.25,-1,28959.61946955167,2,0,0
1785813360,28947.5,28952,28941.75,28949.5,,1005,852.6,-1,28959.61946955167,2,0,0
1785813420,28949.5,28953,28935.5,28937.5,,1028,883.95,-1,28959.61946955167,2,0,0
1785813480,28938,28944.5,28930,28943.75,,1117,911.75,-1,28959.61946955167,2,0,0
1785813540,28944.25,28945.75,28940.5,28944.75,,521,902.15,-1,28959.61946955167,2,0,0
1785813600,28944,28957,28938.75,28953.75,,1258,913,-1,28959.61946955167,2,0,1
1785813660,28954.5,28961,28949.75,28954.5,,707,912.3,-1,28959.61946955167,2,0,0
1785813720,28954,28964,28950,28962.75,,880,914.7,1,28959.61946955167,2,0,0
1785813780,28963,28975.25,28960.5,28967.75,,1359,957.75,1,28959.61946955167,2,0,0
1785813840,28968.25,28972.75,28965,28971.75,,706,936.3,1,28959.61946955167,2,0,0
1785813900,28972.25,28975,28969.75,28971,,531,904.85,1,28959.61946955167,2,0,0
1785813960,28971.25,28974,28966.75,28974,,381,892.7,1,28959.61946955167,2,0,0
1785814020,28973.75,28981.75,28970,28980.5,,667,891.05,1,28959.61946955167,2,0,0
1785814080,28981.25,28986.25,28971.25,28972,,1207,900.7,1,28959.61946955167,2,0,0
1785814140,28972,28977.5,28969,28977,28965.412979701116,541,885.45,1,28959.61946955167,2,0,0
1785814200,28977.5,28989.25,28977,28989,,1160,915.75,1,28965.412979701116,2,0,0
1785814260,28989.25,28992,28982,28985.75,,769,875.8,1,28965.412979701116,2,0,0
1785814320,28985.25,29005,28984.75,29000.25,,2170,921.85,1,28965.412979701116,2,0,0
1785814380,28999.25,29001.75,28993.25,28998.5,,722,920.55,1,28965.412979701116,2,0,0
1785814440,28998.5,29001.5,28993.75,28996.75,,512,901.85,1,28965.412979701116,2,0,0
1785814500,28996.5,29000,28991,28997,,778,900.95,1,28965.412979701116,2,0,0
1785814560,28997.75,28998,28986,28991,,822,891.8,1,28965.412979701116,2,0,0
1785814620,28991.25,28993,28985.5,28987.75,,366,858.7,1,28965.412979701116,2,0,0
1785814680,28988.5,28995.25,28984.25,28989.25,,749,840.3,1,28965.412979701116,2,0,0
1785814740,28988.5,28991.5,28984.25,28988.25,,396,834.05,1,28965.412979701116,2,0,0
1785814800,28988.75,28990,28974.25,28974.5,,989,820.6,1,28965.412979701116,2,0,0
1785814860,28975.75,28976.5,28960.25,28966,,1570,863.75,1,28965.412979701116,2,0,0
1785814920,28966,28966.75,28959.25,28962.5,,674,853.45,-1,28965.412979701116,2,0,0
1785814980,28961.75,28965.75,28957.5,28961.5,,772,824.1,-1,28965.412979701116,2,0,0
1785815040,28961.75,28968.75,28958.5,28968,28966.275319800745,824,830,1,28965.412979701116,2,0,0
1785815100,28967,28969.5,28958,28962,,586,832.75,-1,28966.275319800745,2,0,0
1785815160,28962.5,28985.25,28962,28977.75,,1284,877.9,1,28966.275319800745,2,0,0
1785815220,28976.75,28978.75,28972.25,28975.75,,519,870.5,1,28966.275319800745,2,0,0
1785815280,28976.25,28985.75,28975.25,28983.5,,555,837.9,1,28966.275319800745,2,0,0
1785815340,28983.5,28985.5,28978.25,28981.75,,508,836.25,1,28966.275319800745,2,0,0
1785815400,28981.25,28989.5,28981,28983.25,,714,813.95,1,28966.275319800745,2,0,0
1785815460,28982.75,28986.5,28981.5,28985,,287,789.85,1,28966.275319800745,2,0,0
1785815520,28985.5,28991.5,28985,28988.75,,378,700.25,1,28966.275319800745,2,0,0
1785815580,28989.5,28990.75,28979.75,28986.5,,625,695.4,1,28966.275319800745,2,0,0
1785815640,28986,28988.75,28982.25,28984,,243,681.95,1,28966.275319800745,2,0,0
1785815700,28984.25,28992.75,28982.5,28987.25,,365,661.3,1,28966.275319800745,2,0,0
1785815760,28988,28994.5,28986.25,28994.5,,335,636.95,1,28966.275319800745,2,0,0
1785815820,28994.5,28995.75,28989,28993.25,,452,641.25,1,28966.275319800745,2,0,0
1785815880,28993,29008,28992.5,29004.25,,1164,662,1,28966.275319800745,2,0,0
1785815940,29003.75,29005,28993.75,28995.5,28976.016879867162,604,672.4,1,28966.275319800745,2,0,0
1785816000,28995.75,29000.75,28995.5,28997,,460,645.95,1,28976.016879867162,2,0,0
1785816060,28997,29000.5,28993.25,28999,,560,595.45,1,28976.016879867162,2,0,0
1785816120,28999.25,29006.25,28996.75,29002.25,,433,583.4,1,28976.016879867162,2,0,0
1785816180,29003,29004.25,28993.5,28994,,495,569.55,1,28976.016879867162,2,0,0
1785816240,28993.5,28995.5,28982.5,28984.75,,975,577.1,1,28976.016879867162,2,0,0
1785816300,28985.25,28987.5,28978,28980.5,,685,582.05,1,28976.016879867162,2,0,0
1785816360,28980.5,28985.75,28979.5,28980.25,,267,531.2,1,28976.016879867162,2,0,0
1785816420,28980.75,28998,28978.5,28996.75,,723,541.4,1,28976.016879867162,2,0,0
1785816480,28996.75,28997,28988.5,28991,,457,536.5,1,28976.016879867162,2,0,0
1785816540,28991.75,28995.5,28986.25,28990.5,,266,524.4,1,28976.016879867162,2,0,0
1785816600,28989.5,28990,28980,28982.25,,469,512.15,1,28976.016879867162,2,0,0
1785816660,28981.25,28984.75,28974,28976.5,,723,533.95,1,28976.016879867162,2,0,0
1785816720,28976.25,28976.25,28969.75,28971.5,,668,548.45,-1,28976.016879867162,2,0,0
1785816780,28971.5,28973.25,28968.5,28970.5,,579,546.15,-1,28976.016879867162,2,0,0
1785816840,28970,28977.75,28969.25,28977.25,28976.427919911443,470,557.5,1,28976.016879867162,2,0,0
1785816900,28977.5,28986,28974.25,28981,,714,574.95,1,28976.427919911443,2,0,0
1785816960,28981.25,28989.25,28976.75,28989,,557,586.05,1,28976.427919911443,2,0,0
1785817020,28988.75,29001.5,28987.5,29000,,898,608.35,1,28976.427919911443,2,0,0
1785817080,28999.75,29002.5,28998,28999.75,,634,581.85,1,28976.427919911443,2,0,0
1785817140,28999.75,29011.75,28999.75,29006.5,,975,600.4,1,28976.427919911443,2,0,0
1785817200,29007,29009.25,29003.75,29003.75,,535,604.15,1,28976.427919911443,2,0,0
1785817260,29004.25,29006.75,28998.5,29001.75,,573,604.8,1,28976.427919911443,2,0,0
1785817320,29002,29007.25,29000.75,29006.25,,393,602.8,1,28976.427919911443,2,0,0
1785817380,29006.25,29006.5,29002.25,29006,,217,588.9,1,28976.427919911443,2,0,0
1785817440,29005.5,29007.75,29003.75,29007,,143,547.3,1,28976.427919911443,2,0,0
1785817500,29007.75,29010.5,29004.75,29005.25,,412,533.65,1,28976.427919911443,2,0,0
1785817560,29005,29016.75,29004.5,29013.75,,639,552.25,1,28976.427919911443,2,0,0
1785817620,29013,29014.75,29011,29012.75,,331,532.65,1,28976.427919911443,2,0,0
1785817680,29013,29013.25,29005.75,29007.5,,433,531.45,1,28976.427919911443,2,0,0
1785817740,29007.75,29009.5,29006.5,29007,28986.618613274295,180,527.15,1,28976.427919911443,2,0,0
1785817800,29007.75,29012.75,29007.25,29010.75,,312,519.3,1,28986.618613274295,2,0,0
1785817860,29011.25,29012.75,29009.25,29010.75,,240,495.15,1,28986.618613274295,2,0,0
1785817920,29011,29015,29008.25,29008.5,,309,477.2,1,28986.618613274295,2,0,0
1785817980,29009.25,29010.25,29005.5,29008.25,,415,469,1,28986.618613274295,2,0,0
1785818040,29008.5,29010.5,29005,29006.5,,374,464.2,1,28986.618613274295,2,0,0
1785818100,29006,29009.25,29002.5,29005,,515,454.25,1,28986.618613274295,2,0,0
1785818160,29006,29007.5,28997,28997.5,,718,462.3,1,28986.618613274295,2,0,0
1785818220,28997.75,29002.25,28997.25,28998.5,,320,433.4,1,28986.618613274295,2,0,0
1785818280,28998.5,29003.25,28998.25,29002,,198,411.6,1,28986.618613274295,2,0,0
1785818340,29003.25,29004,28997.5,28997.5,,296,377.65,1,28986.618613274295,2,0,0
1785818400,28998.5,29004.25,28996.25,29002,,312,366.5,1,28986.618613274295,2,0,0
1785818460,29001.75,29004.25,28999.25,28999.5,,233,349.5,1,28986.618613274295,2,0,0
1785818520,29000,29002.75,28996.5,28996.75,,431,351.4,1,28986.618613274295,2,0,0
1785818580,28997.25,29000.5,28995,28996.5,,310,356.05,1,28986.618613274295,2,0,0
1785818640,28996.5,29003.75,28995.75,28999,28990.745742182862,411,369.45,1,28986.618613274295,2,0,0
1785818700,28999,29010,28994.25,29009.5,,735,385.6,1,28990.745742182862,2,0,0
1785818760,29009,29010.5,29001,29001.5,,502,378.75,1,28990.745742182862,2,0,0
1785818820,29002,29009,29002,29008,,349,379.65,1,28990.745742182862,2,0,0
1785818880,29007.5,29008.75,29004.25,29007,,301,373.05,1,28990.745742182862,2,0,0
1785818940,29007,29011,29004.75,29010,,429,385.5,1,28990.745742182862,2,0,0
1785819000,29009.75,29011.75,29006.25,29007.25,,331,386.45,1,28990.745742182862,2,0,0
1785819060,29007,29016.25,29003.75,29014.5,,533,401.1,1,28990.745742182862,2,0,0
1785819120,29014.75,29018.25,29013.75,29015,,533,412.3,1,28990.745742182862,2,0,0
1785819180,29015.25,29020.25,29013,29019.25,,479,415.5,1,28990.745742182862,2,0,0
1785819240,29019,29022.75,29016.5,29018.75,,738,433.7,1,28990.745742182862,2,0,0
1785819300,29018.5,29020.75,29017.25,29020,,193,417.6,1,28990.745742182862,2,0,0
1785819360,29019.25,29023.5,29019.25,29021.5,,323,397.85,1,28990.745742182862,2,0,0
1785819420,29021,29021,29013.25,29013.25,,335,398.6,1,28990.745742182862,2,0,0
1785819480,29013.75,29014,29007.5,29008.75,,563,416.85,1,28990.745742182862,2,1,0
1785819540,29008.5,29016,29002,29015.75,28999.080494788574,692,436.65,1,28990.745742182862,2,0,0
1785819600,29016,29022.25,29002.25,29004,,975,469.8,1,28999.080494788574,2,0,0
1785819660,29004,29008.75,28999.5,29003,,505,483.4,1,28999.080494788574,2,0,0
1785819720,29002.25,29007.25,28993,29005.25,,827,503.2,1,28999.080494788574,2,0,0
1785819780,29005,29008.75,28993.25,28995,,526,514,-1,28999.080494788574,2,0,0
1785819840,28995.75,29006,28995,29003,,404,513.65,1,28999.080494788574,2,0,0
1785819900,29003.25,29006.25,28996.5,28999,,283,491.05,-1,28999.080494788574,2,0,0
1785819960,28998.75,29001,28994.25,28999.25,,320,481.95,1,28999.080494788574,2,0,0
1785820020,28999.25,29006.25,28998.5,29003,,307,479.85,1,28999.080494788574,2,0,0
1785820080,29002.75,29004.5,28998.5,29002.5,,319,480.75,1,28999.080494788574,2,0,0
1785820140,29001.25,29009,29000.75,29006.25,,382,478.4,1,28999.080494788574,2,0,0
1785820200,29005.25,29006.25,28990,28993.25,,858,504.75,-1,28999.080494788574,2,0,0
1785820260,28993,28994.5,28985.5,28988.5,,778,517,-1,28999.080494788574,2,0,0
1785820320,28988,28988.25,28978.5,28981,,888,534.75,-1,28999.080494788574,2,0,0
1785820380,28981.25,28990.5,28979.5,28984,,813,551.45,-1,28999.080494788574,2,0,0
1785820440,28984.5,28989.5,28983.75,28988,28995.386996525714,320,530.55,-1,28999.080494788574,2,0,0
1785820500,28987.5,29000.75,28982.75,28996.75,,1103,576.05,1,28995.386996525714,2,0,0
1785820560,28997,29000.5,28989.5,28991.75,,396,579.7,-1,28995.386996525714,2,0,0
1785820620,28991,28995.5,28985.5,28995.25,,397,582.8,-1,28995.386996525714,2,0,0
1785820680,28995.25,28997,28992,28993,,233,566.3,-1,28995.386996525714,2,0,0
1785820740,28992.25,29005,28990.25,29004.25,,528,558.1,1,28995.386996525714,2,0,0
1785820800,29004.25,29015.5,29001.5,29011.25,,1376,578.15,1,28995.386996525714,2,0,0
1785820860,29011.25,29012.25,29006.75,29011.25,,380,571.9,1,28995.386996525714,2,0,0
1785820920,29012,29013,29008.75,29009.5,,287,544.9,1,28995.386996525714,2,0,0
1785820980,29009.5,29014.25,29008,29009.75,,392,538.2,1,28995.386996525714,2,0,0
1785821040,29010.25,29019.75,29009.5,29018.75,,550,545.5,1,28995.386996525714,2,0,0
1785821100,29019.25,29021.25,29011.25,29011.5,,564,559.55,1,28995.386996525714,2,0,0
1785821160,29011.25,29017,29010.75,29016,,267,556.9,1,28995.386996525714,2,0,0
1785821220,29015.5,29018.75,29009.25,29018,,385,560.8,1,28995.386996525714,2,0,0
1785821280,29018.25,29024.25,29005.75,29022.5,,1091,599.4,1,28995.386996525714,2,0,0
1785821340,29023.25,29030.5,29022,29025.75,29005.50799768381,1305,645.55,1,28995.386996525714,2,0,0
1785821400,29026.5,29038.25,29024,29036,,1337,669.5,1,29005.50799768381,2,0,0
1785821460,29036.25,29039.25,29033.5,29036.75,,699,665.55,1,29005.50799768381,2,0,0
1785821520,29037,29040,29033.75,29038.75,,536,647.95,1,29005.50799768381,2,0,0
1785821580,29038.5,29039.5,29033,29033.75,,436,629.1,1,29005.50799768381,2,0,0
1785821640,29034.5,29045,29034,29041,,888,657.5,1,29005.50799768381,2,0,0
1785821700,29041.5,29062.25,29041,29053.5,,2162,710.45,1,29005.50799768381,2,0,0
1785821760,29053.25,29066.25,29050,29061.75,,1215,751.4,1,29005.50799768381,2,0,0
1785821820,29061.75,29066.25,29060,29063.75,,803,771.7,1,29005.50799768381,2,0,0
1785821880,29063,29074.75,29060.25,29066.25,,1073,813.7,1,29005.50799768381,2,0,0
1785821940,29065,29065.5,29048.75,29049.5,,968,835.7,1,29005.50799768381,2,0,0
1785822000,29049,29053.5,29045.75,29052.25,,692,801.5,1,29005.50799768381,2,0,0
1785822060,29051.25,29060,29051.25,29051.75,,492,807.1,1,29005.50799768381,2,0,0
1785822120,29052,29058,29050.75,29055.5,,379,811.7,1,29005.50799768381,2,0,0
1785822180,29055,29062.25,29053.5,29053.5,,521,818.15,1,29005.50799768381,2,0,0
1785822240,29053.75,29061,29053,29058.25,29023.08866512254,364,808.85,1,29005.50799768381,2,0,0
1785822300,29058,29058.5,29043.75,29053.75,,870,824.15,1,29023.08866512254,2,0,0
1785822360,29054.5,29054.5,29048,29052.5,,301,825.85,1,29023.08866512254,2,0,0
1785822420,29053,29058.75,29052,29053.5,,311,822.15,1,29023.08866512254,2,0,0
1785822480,29052.5,29053.75,29047.5,29052,,319,783.55,1,29023.08866512254,2,0,0
1785822540,29052.25,29053.5,29048.75,29050.25,,172,726.9,1,29023.08866512254,2,0,0
1785822600,29049.5,29050.5,29043.5,29046.75,,453,682.7,1,29023.08866512254,2,0,0
1785822660,29046.75,29059.5,29044.5,29057,,578,676.65,1,29023.08866512254,2,0,0
1785822720,29057.75,29064.5,29056,29061,,621,680.9,1,29023.08866512254,2,0,0
1785822780,29061.5,29065,29060,29060.25,,367,677.45,1,29023.08866512254,2,0,0
1785822840,29060.25,29061.5,29058,29059.5,,291,647.6,1,29023.08866512254,2,0,0
1785822900,29059,29063,29053.75,29062.25,,389,558.95,1,29023.08866512254,2,0,0
1785822960,29062.5,29066.5,29059.75,29061.25,,504,523.4,1,29023.08866512254,2,0,0
1785823020,29060.75,29069.25,29058.5,29068.75,,492,507.85,1,29023.08866512254,2,0,0
1785823080,29068.75,29073.5,29065.75,29070.75,,587,483.55,1,29023.08866512254,2,0,0
1785823140,29071.25,29074.5,29070.25,29072.75,29039.64244341503,368,453.55,1,29023.08866512254,2,0,0
1785823200,29073,29081.75,29070.5,29072,,1642,501.05,1,29039.64244341503,2,0,0
1785823260,29072.25,29074.25,29067,29074.25,,736,513.25,1,29039.64244341503,2,0,0
1785823320,29073.25,29080.25,29070.75,29076.5,,552,521.9,1,29039.64244341503,2,0,0
1785823380,29076.5,29081.5,29071.75,29075.5,,718,531.75,1,29039.64244341503,2,0,0
1785823440,29075.5,29080.25,29073.25,29075.75,,373,532.2,1,29039.64244341503,2,0,0
1785823500,29075,29075.75,29068,29068.75,,435,510.45,1,29039.64244341503,2,0,0
1785823560,29068.5,29083.75,29068.25,29079.5,,620,526.4,1,29039.64244341503,2,0,0
1785823620,29080,29088,29075.5,29087.5,,707,546.2,1,29039.64244341503,2,0,0
1785823680,29087.5,29090,29077.5,29081.5,,715,566,1,29039.64244341503,2,0,0
1785823740,29081.5,29083,29078,29081.75,,264,570.6,1,29039.64244341503,2,0,0
1785823800,29081.25,29086.5,29079.25,29085,,402,568.05,1,29039.64244341503,2,0,0
1785823860,29084.75,29087,29083.75,29085.25,,258,552.05,1,29039.64244341503,2,0,0
1785823920,29086,29090.5,29081.75,29089.5,,584,550.2,1,29039.64244341503,2,0,0
1785823980,29089,29094,29086.75,29087.5,,900,576.85,1,29039.64244341503,2,1,0
1785824040,29087.25,29089,29085,29089,29056.094962276686,457,585.15,1,29039.64244341503,2,0,0
1785824100,29089,29094,29087.25,29090.25,,681,599.75,1,29056.094962276686,2,0,0
1785824160,29090.25,29091,29084.5,29085.25,,485,598.8,1,29056.094962276686,2,0,0
1785824220,29085.5,29087.5,29082,29082.25,,384,593.4,1,29056.094962276686,2,0,0
1785824280,29082.25,29084.5,29077,29078.5,,420,585.05,1,29056.094962276686,2,0,0
1785824340,29078.25,29082.25,29076.25,29082.25,,593,596.3,1,29056.094962276686,2,0,0
1785824400,29082.5,29085.25,29079.5,29084.25,,360,532.2,1,29056.094962276686,2,0,0
1785824460,29085,29091.75,29079.25,29089.75,,630,526.9,1,29056.094962276686,2,0,0
1785824520,29090,29095,29089.25,29089.75,,605,529.55,1,29056.094962276686,2,0,0
1785824580,29090,29095.5,29084,29084.75,,551,521.2,1,29056.094962276686,2,0,0
1785824640,29084.5,29086.5,29082.25,29086,,512,528.15,1,29056.094962276686,2,0,0
1785824700,29085.75,29093.75,29083.75,29092,,406,526.7,1,29056.094962276686,2,0,0
1785824760,29092,29099,29089.5,29091.25,,969,544.15,1,29056.094962276686,2,0,0
1785824820,29090.5,29093,29088,29089.25,,199,518.75,1,29056.094962276686,2,0,0
1785824880,29089.5,29091.75,29081.75,29082.25,,538,509.9,1,29056.094962276686,2,0,0
1785824940,29082,29086.75,29079.5,29081.75,29064.64664151779,423,517.85,1,29056.094962276686,2,0,0
1785825000,29081.75,29082.25,29072,29075,,914,543.45,1,29064.64664151779,2,0,0
1785825060,29075.25,29089.5,29073.25,29086.5,,888,574.95,1,29064.64664151779,2,0,0
1785825120,29086.75,29088,29082.5,29083.5,,339,562.7,1,29064.64664151779,2,0,0
1785825180,29083.5,29084.25,29078,29079.25,,382,536.8,1,29064.64664151779,2,0,0
1785825240,29080,29080.25,29069.75,29070.5,,833,555.6,1,29064.64664151779,2,0,0
1785825300,29071.25,29071.25,29060.75,29061,,1111,577.1,-1,29064.64664151779,2,0,0
1785825360,29061,29062.25,29054.75,29057.5,,906,598.15,-1,29064.64664151779,2,0,0
1785825420,29057.75,29059.75,29055,29058.25,,263,592.1,-1,29064.64664151779,2,0,0
1785825480,29058.5,29058.5,29050,29055.25,,721,607.15,-1,29064.64664151779,2,0,0
1785825540,29055.5,29062,29054.75,29056.5,,577,606.35,-1,29064.64664151779,2,0,0
1785825600,29056.75,29060,29049,29050.75,,553,616,-1,29064.64664151779,2,0,0
1785825660,29050.5,29050.5,29046.75,29047.5,,483,608.65,-1,29064.64664151779,2,0,0
1785825720,29047.25,29048.5,29042.25,29045,,826,619.7,-1,29064.64664151779,2,0,0
1785825780,29045.75,29050.25,29044.75,29046.75,,536,618.95,-1,29064.64664151779,2,0,0
1785825840,29047,29055.5,29047,29054.5,29061.264427678525,486,617.65,-1,29064.64664151779,2,0,0
1785825900,29055.5,29056,29051,29054,,363,615.5,-1,29061.264427678525,2,0,0
1785825960,29055,29062,29053.5,29061,,709,602.5,-1,29061.264427678525,2,0,0
1785826020,29060.75,29063,29054,29058,,514,618.25,-1,29061.264427678525,2,0,0
1785826080,29057.25,29059.75,29053.5,29056.25,,313,607,-1,29061.264427678525,2,0,0
1785826140,29056.25,29058.25,29055.25,29057.5,,194,595.55,-1,29061.264427678525,2,0,0
1785826200,29057,29061.5,29054.75,29060.25,,368,568.25,-1,29061.264427678525,2,0,0
1785826260,29059.75,29061.5,29059,29060,,193,533.5,-1,29061.264427678525,2,0,0
1785826320,29060.25,29060.75,29056,29057.25,,178,525.45,-1,29061.264427678525,2,0,0
1785826380,29057.25,29061.5,29056.5,29056.5,,184,515.55,-1,29061.264427678525,2,0,0
1785826440,29056.5,29065,29054.5,29061.25,,492,498.5,-1,29061.264427678525,2,0,0
1785826500,29062.5,29066.25,29061,29064,,320,458.95,1,29061.264427678525,2,0,0
1785826560,29064,29064,29055.25,29056.75,,367,432,-1,29061.264427678525,2,0,0
1785826620,29056.75,29059.75,29052.25,29059,,308,434.25,-1,29061.264427678525,2,0,0
1785826680,29059.75,29061.25,29052.5,29055.5,,268,411.6,-1,29061.264427678525,2,0,0
1785826740,29055.25,29074.25,29055.25,29072.75,29065.092951785682,768,421.15,1,29061.264427678525,2,0,0
1785826800,29072,29079.75,29070,29077.25,,1456,466.3,1,29065.092951785682,2,0,0
1785826860,29076.75,29093.5,29074.75,29092.75,,1345,509.4,1,29065.092951785682,2,0,0
1785826920,29093,29100.75,29089.25,29097,,1515,543.85,1,29065.092951785682,2,0,0
1785826980,29096.25,29096.25,29082.75,29094,,984,566.25,1,29065.092951785682,2,0,0
1785827040,29094.5,29100.25,29091.75,29095.25,,877,585.8,1,29065.092951785682,2,0,0
1785827100,29094.75,29096.25,29083.5,29095.5,,773,606.3,1,29065.092951785682,2,0,0
1785827160,29095.5,29095.5,29074.5,29074.5,,825,612.1,1,29065.092951785682,2,0,0
1785827220,29075.25,29077,29063.25,29064.75,,1314,652.1,-1,29065.092951785682,2,0,0
1785827280,29065.5,29067.5,29060,29061,,534,663.15,-1,29065.092951785682,2,0,0
1785827340,29061,29062.25,29053.25,29055,,903,698.6,-1,29065.092951785682,2,0,0
1785827400,29053.75,29063.25,29051.5,29055.25,,927,726.55,-1,29065.092951785682,2,0,0
1785827460,29055.5,29059.75,29050,29052.25,,492,741.5,-1,29065.092951785682,2,0,0
1785827520,29052.5,29052.75,29037.25,29050.75,,1479,806.55,-1,29065.092951785682,2,0,0
1785827580,29050.5,29069,29048,29066.75,,1440,869.35,1,29065.092951785682,2,0,0
1785827640,29066.5,29070,29058.25,29069.25,29066.478634523788,762,882.85,1,29065.092951785682,2,0,0
1785827700,29069.75,29076.25,29062.5,29064.5,,929,913.3,-1,29066.478634523788,2,0,0
1785827760,29063.5,29088,29063.5,29086.5,,1094,949.65,1,29066.478634523788,2,0,0
1785827820,29085,29088.25,29080.75,29086.75,,575,963,1,29066.478634523788,2,0,0
1785827880,29085.75,29085.75,29064.75,29070,,1093,1004.25,1,29066.478634523788,2,0,0
1785827940,29070.25,29077.25,29068,29069.25,,489,990.3,1,29066.478634523788,2,0,0
1785828000,29069.75,29081,29065.5,29080.5,,669,950.95,1,29066.478634523788,2,0,0
1785828060,29081.25,29083.25,29075,29081.5,,408,904.1,1,29066.478634523788,2,0,0
1785828120,29082.75,29084.25,29074.25,29077,,497,853.2,1,29066.478634523788,2,0,0
1785828180,29077.75,29084.5,29077.75,29080.5,,343,821.15,1,29066.478634523788,2,0,0
1785828240,29080.5,29091.75,29078.5,29090.5,,491,801.85,1,29066.478634523788,2,0,0
1785828300,29091.25,29093.5,29088.25,29089.75,,525,789.45,1,29066.478634523788,2,0,0
1785828360,29090,29107,29089.5,29104.5,,1356,816,1,29066.478634523788,2,0,0
1785828420,29104.75,29108.5,29103,29103.5,,667,783.65,1,29066.478634523788,2,0,0
1785828480,29104,29109,29101,29105,,599,786.9,1,29066.478634523788,2,0,0
1785828540,29105,29106,29097.25,29099,29077.319089682525,425,763,1,29066.478634523788,2,0,0
1785828600,29099,29109,29097,29108,,652,749.25,1,29077.319089682525,2,0,0
1785828660,29108,29112.75,29103,29107,,922,770.75,1,29077.319089682525,2,0,0
1785828720,29106.5,29112.25,29101.75,29106,,705,732.05,1,29077.319089682525,2,0,0
1785828780,29105.25,29118.25,29105.25,29114,,968,708.45,1,29077.319089682525,2,0,0
1785828840,29114.5,29117.75,29103.75,29104,,597,700.2,1,29077.319089682525,2,0,0
1785828900,29104,29106,29091.5,29092.25,,861,696.8,1,29077.319089682525,2,1,0
1785828960,29092.5,29095.5,29085,29090.75,,712,677.7,1,29077.319089682525,2,0,0
1785829020,29090.5,29091.75,29082.25,29083.25,,579,677.9,1,29077.319089682525,2,1,0
1785829080,29083.5,29085.75,29081,29082,,452,645.85,1,29077.319089682525,2,0,0
1785829140,29082.5,29088.75,29080,29088.25,,523,647.55,1,29077.319089682525,2,0,0
1785829200,29088.25,29092.5,29086.75,29088.25,,565,642.35,1,29077.319089682525,2,0,0
1785829260,29088.25,29093,29081.75,29085,,344,639.15,1,29077.319089682525,2,0,0
1785829320,29085.25,29085.5,29074.75,29076,,719,650.25,-1,29077.319089682525,2,0,0
1785829380,29075.5,29082.75,29074.25,29075,,503,658.25,-1,29077.319089682525,2,0,0
1785829440,29075.25,29082.25,29074.5,29081.5,29078.712726455018,329,650.15,1,29077.319089682525,2,0,0
1785829500,29081.5,29086,29078.75,29084.75,,350,641.4,1,29078.712726455018,2,0,0
1785829560,29084,29088.75,29081.5,29087.5,,390,593.1,1,29078.712726455018,2,0,0
1785829620,29088,29092,29085.25,29088.75,,451,582.3,1,29078.712726455018,2,0,0
1785829680,29089.25,29105.75,29086.5,29103.75,,861,595.4,1,29078.712726455018,2,0,0
1785829740,29104.25,29109.75,29102,29104.75,,640,606.15,1,29078.712726455018,2,0,0
1785829800,29104.25,29105.25,29088.5,29089,,745,610.8,1,29078.712726455018,2,0,0
1785829860,29089.75,29094.5,29087.5,29089.75,,609,595.15,1,29078.712726455018,2,0,0
1785829920,29089.25,29092.25,29081,29085.25,,637,591.75,1,29078.712726455018,2,0,0
1785829980,29085,29089.5,29085,29088,,300,558.35,1,29078.712726455018,2,0,0
1785830040,29088.25,29088.25,29074.5,29076.5,,633,560.15,-1,29078.712726455018,2,0,0
1785830100,29076.5,29079.5,29073,29077,,395,536.85,-1,29078.712726455018,2,0,0
1785830160,29077.25,29078,29068.5,29069,,638,533.15,-1,29078.712726455018,2,0,0
1785830220,29069.5,29073.5,29065.75,29067.75,,523,530.35,-1,29078.712726455018,2,0,0
1785830280,29067,29072.25,29066.75,29069.25,,339,524.7,-1,29078.712726455018,2,0,0
1785830340,29069.75,29072.5,29065.75,29070.75,29076.058484303347,411,519.1,-1,29078.712726455018,2,0,0
1785830400,29072.25,29078.25,29067,29074.5,,1174,549.55,-1,29076.058484303347,2,0,0
1785830460,29074.75,29099,29072.25,29098.5,,1525,608.6,1,29076.058484303347,2,0,0
1785830520,29098.25,29099.75,29093.25,29097.5,,1158,630.55,1,29076.058484303347,2,0,0
1785830580,29098.25,29117.75,29096.75,29110.25,,1400,675.4,1,29076.058484303347,2,0,0
1785830640,29110.25,29116.75,29106.5,29109,,721,695,1,29076.058484303347,2,0,0
1785830700,29110,29116.75,29106.5,29116.75,,606,707.8,1,29076.058484303347,2,0,0
1785830760,29116.25,29124.75,29111.25,29114.5,,1174,747,1,29076.058484303347,2,0,0
1785830820,29115.25,29123.75,29114.75,29117.5,,699,759.4,1,29076.058484303347,2,0,0
1785830880,29117.25,29120.75,29106.25,29117,,829,757.8,1,29076.058484303347,2,0,0
1785830940,29117.75,29123.5,29114.25,29119.25,,670,759.3,1,29076.058484303347,2,0,0
1785831000,29118.5,29119.5,29103,29116.25,,910,767.55,1,29076.058484303347,2,0,0
1785831060,29116.25,29118.25,29106.5,29111,,577,765.95,1,29076.058484303347,2,0,0
1785831120,29111.25,29116.5,29108.75,29112.5,,343,751.25,1,29076.058484303347,2,0,0
1785831180,29111.75,29115.25,29104.5,29112.5,,511,761.8,1,29076.058484303347,2,0,0
1785831240,29113.75,29114.75,29100,29108.5,29086.872322868898,712,765.75,1,29076.058484303347,2,0,0
1785831300,29108.75,29120.5,29104.75,29117.75,,737,782.85,1,29086.872322868898,2,0,0
1785831360,29116.25,29125.75,29115.75,29122.25,,753,788.6,1,29086.872322868898,2,0,0
1785831420,29122,29123,29116.75,29120.25,,430,783.95,1,29086.872322868898,2,0,0
1785831480,29120.5,29124,29115.5,29120,,713,802.65,1,29086.872322868898,2,0,0
1785831540,29119.5,29123,29114.5,29118.5,,416,802.9,1,29086.872322868898,2,0,0
1785831600,29119,29131,29118,29127.25,,1069,797.65,1,29086.872322868898,2,0,0
1785831660,29128.25,29132.25,29125.75,29129.5,,589,750.85,1,29086.872322868898,2,0,0
1785831720,29129.5,29130.75,29115,29117.25,,750,730.45,1,29086.872322868898,2,0,0
1785831780,29116.5,29119.5,29111.75,29113.5,,561,688.5,1,29086.872322868898,2,0,0
1785831840,29113.5,29114.25,29099,29103,,1054,705.15,1,29086.872322868898,2,0,0
1785831900,29103.75,29109.25,29102,29104.5,,504,700.05,1,29086.872322868898,2,0,0
1785831960,29105,29108.25,29101.5,29108,,327,657.7,1,29086.872322868898,2,0,0
1785832020,29107.75,29108.25,29096.75,29099,,577,651.6,1,29086.872322868898,2,1,0
1785832080,29098.25,29108.5,29097.25,29108.5,,473,633.8,1,29086.872322868898,2,0,0
1785832140,29107.75,29112.5,29103.5,29111.5,29095.081548579266,697,635.15,1,29086.872322868898,2,0,0
1785832200,29110,29111,29098.25,29102.25,,634,621.35,1,29095.081548579266,2,0,0
1785832260,29102,29107.5,29097.25,29100.25,,558,620.4,1,29095.081548579266,2,0,0
1785832320,29100.25,29101,29082.75,29083.25,,960,651.25,-1,29095.081548579266,2,0,0
1785832380,29082.75,29085.25,29072,29075,,1004,675.9,-1,29095.081548579266,2,0,0
1785832440,29075.25,29078.5,29063.75,29076,,971,688.85,-1,29095.081548579266,2,0,0
1785832500,29077,29081.25,29072.75,29074.5,,627,683.35,-1,29095.081548579266,2,0,0
1785832560,29075,29075.25,29062.25,29065,,713,681.35,-1,29095.081548579266,2,0,0
1785832620,29064.75,29071,29060,29069.25,,765,698.1,-1,29095.081548579266,2,0,0
1785832680,29069,29071.75,29062.5,29071.25,,611,693,-1,29095.081548579266,2,0,0
1785832740,29070.75,29075.75,29067,29074.75,,588,701.6,-1,29095.081548579266,2,0,0
1785832800,29074.75,29076.5,29064,29064.5,,628,679.55,-1,29095.081548579266,2,0,0
1785832860,29064.75,29068.5,29061.5,29066.5,,435,671.85,-1,29095.081548579266,2,0,0
1785832920,29066.25,29067.75,29062,29064,,363,652.5,-1,29095.081548579266,2,0,0
1785832980,29065.25,29069.5,29060.75,29061.75,,376,643.25,-1,29095.081548579266,2,0,0
1785833040,29061.75,29070.75,29060,29068.75,29086.304365719512,534,617.25,-1,29095.081548579266,2,0,0
1785833100,29068.75,29069,29050,29054.25,,1283,656.2,-1,29086.304365719512,2,0,0
1785833160,29054,29054.25,29037.75,29042,,1718,725.75,-1,29086.304365719512,2,0,0
1785833220,29042.75,29059.25,29040.25,29058,,1789,786.35,-1,29086.304365719512,2,0,0
1785833280,29058.25,29066.25,29056,29064.75,,720,798.7,-1,29086.304365719512,2,0,0
1785833340,29064.25,29065,29059.5,29060.25,,459,786.8,-1,29086.304365719512,2,0,0
1785833400,29060.75,29066,29056.5,29063,,554,782.8,-1,29086.304365719512,2,0,0
1785833460,29063,29064.75,29058.75,29061,,428,776.3,-1,29086.304365719512,2,0,0
1785833520,29059.5,29064.75,29057.5,29061.5,,393,747.95,-1,29086.304365719512,2,0,0
1785833580,29062.5,29067.5,29060,29060.5,,433,719.4,-1,29086.304365719512,2,0,0
1785833640,29060.75,29065.25,29060,29064,,231,682.4,-1,29086.304365719512,2,0,0
1785833700,29063.25,29074.75,29063.25,29071,,810,691.55,-1,29086.304365719512,2,0,0
1785833760,29071,29077.25,29070,29076.75,,505,681.15,-1,29086.304365719512,2,0,0
1785833820,29076.75,29077.75,29074.25,29075.5,,244,655.1,-1,29086.304365719512,2,0,0
1785833880,29076,29077,29071.75,29073.25,,315,640.3,-1,29086.304365719512,2,0,0
1785833940,29073.75,29074.25,29060,29069.25,29080.619577146343,825,652.15,-1,29086.304365719512,2,0,0
1785834000,29069,29069,29057.5,29059.75,,591,650.3,-1,29080.619577146343,2,0,0
1785834060,29061,29069.25,29050.25,29065,,770,667.05,-1,29080.619577146343,2,0,0
1785834120,29064,29067,29043.75,29048.25,,744,686.1,-1,29080.619577146343,2,0,0
1785834180,29048.5,29053.25,29048,29048.5,,465,690.55,-1,29080.619577146343,2,0,0
1785834240,29047.75,29048.75,29039.5,29046,,865,707.1,-1,29080.619577146343,2,0,0
1785834300,29045.5,29051.5,29042.75,29042.75,,453,665.6,-1,29080.619577146343,2,0,0
1785834360,29043.25,29045.5,29032.75,29034.75,,1258,642.6,-1,29080.619577146343,2,0,0
1785834420,29035.75,29036.25,29022.75,29026.5,,1122,609.25,-1,29080.619577146343,2,0,0
1785834480,29026.5,29028,29020.25,29020.25,,547,600.6,-1,29080.619577146343,2,0,0
1785834540,29020.75,29025.75,29016.5,29023.5,,996,627.45,-1,29080.619577146343,2,0,0
1785834600,29022.5,29027,29020.25,29021.75,,594,629.45,-1,29080.619577146343,2,0,0
1785834660,29022.75,29028.25,29017.25,29017.5,,616,638.85,-1,29080.619577146343,2,0,0
1785834720,29017,29031.25,29015.5,29024.25,,707,654.55,-1,29080.619577146343,2,0,0
1785834780,29023.5,29025.25,29012,29019.25,,931,679.45,-1,29080.619577146343,2,0,0
1785834840,29019,29038.75,29017.75,29033.5,29064.913051430896,916,713.7,-1,29080.619577146343,2,0,0
1785834900,29033.25,29036.25,29027.5,29028.75,,544,700.4,-1,29064.913051430896,2,0,0
1785834960,29028.75,29029.5,29014,29015.25,,1061,728.2,-1,29064.913051430896,2,0,0
1785835020,29014.75,29019.75,29007.5,29016.5,,1089,770.45,-1,29064.913051430896,2,0,0